bert_weight: 0.3
temperature: 1.5
class_balance: [0.3333333333333333, 0.3333333333333333, 0.3333333333333333]
